0.71981859410431
2.8328344671202
4.899410430839
6.9543764172336
8.9861224489796
11.087528344671
13.293424036281
15.383219954649
17.391746031746
19.435102040816
21.490068027211
23.545034013605
25.553560090703
27.5620861678
29.640272108844
31.695238095238
33.773424036281
35.886439909297
38.231655328798
40.240181405896
42.283537414966
44.431383219955
46.463129251701
48.541315192744
50.57306122449
52.61641723356
54.636553287982
56.819229024943
58.932244897959
60.940770975057
62.972517006803
64.992653061224
67.012789115646
69.032925170068
71.099501133787
73.17768707483
75.290702947846
77.334058956916
79.505124716553
81.664580498866
83.754376417234
85.844172335601
87.99201814059
90.070204081633
92.101950113379
94.296235827664
96.444081632653
98.487437641723
100.55401360544
102.87600907029
104.95419501134
106.96272108844
109.00607709751
111.02621315193
113.069569161
115.20580498866
117.21433106576
119.28090702948
121.33587301587
123.44888888889
125.48063492063
127.50077097506
129.54412698413
131.71519274376
133.78176870748
135.92961451247
137.94975056689
139.99310657596
142.1641723356
144.19591836735
146.33215419501
148.38712018141
150.52335600907
152.57832199546
154.71455782313
156.81596371882
158.98702947846
160.99555555556
163.0273015873
165.12870748299
167.16045351474
169.18058956916
171.28199546485
173.33696145125
175.49641723356
177.55138321995
179.66439909297
181.71936507937
183.83238095238
185.87573696145
187.91909297052
190.12498866213
192.2612244898
194.29297052154
196.33632653061
198.37968253968
200.38820861678
202.41995464853
204.48653061224
206.57632653061
208.60807256236
210.61659863946
212.70639455782
214.84263038549
216.93242630385
218.94095238095
220.9726984127
223.09732426304
225.29160997732
227.41623582766
229.49442176871
231.5958276644
233.61596371882
235.67092970522
237.74911564626
239.75764172336
241.82421768707
243.92562358277
245.93414965986
248.01233560091
250.04408163265
252.13387755102
254.22367346939
256.26702947846
258.38004535147
260.41179138322
262.46675736961
264.48689342404
266.5766893424
268.60843537415
270.67501133787
272.81124716553
274.81977324263
276.82829931973
278.89487528345
281.03111111111
